790518
5838751
10955304
14720647
18063624
12192199
1597195
23606980
12950140
24586481
24694554
21268320
24897082
6182195
42256621
38871849
29980756
46427325
43202915
25364043
48020163
13930549
33204942
58102024
60123359
47303257
62721484
57943285
51058042
65045570
64890194
69292822
64634603
67007922
72417407
73897765
87415747
90331195
73539032
51804965
87720774
92838668
63298826
96079412
109264543
108291861
79687421
102698469
96515999
115427166
120996865
120251667
120311951
118075701
131267255
112869778
134138098
138058150
148552587
137934007
154904823
127870746
126791189
153613843
137755278
157174614
160099714
163964504
167115263
169952024
171793221
175413304
109399379
176258465
155799771
189344949
188503817
160894280
193497854
189184599
206935035
167905074
186252215
206646953
216204166
209334446
216437917
192041832
227963335
216283635
219182232
234991352
217421961
212063775
235376884
237913136
242951320
205251683
240335618
238914770
244136534
241547044
252683852
256016208
249488577
250708598
248348996
232827594
257784281
260527687
260770529
263271148
263278601
273551838
278872674
280284018
281957709
282343837
290020685
290528665
292390175
294863304
295397961
295454974
299619002
301087497
302539090
307590602
309837541
310959449
311758676
312195733
312720165
313424456
317097561
319100304
319761759
320104284
322198698
329713406
332965332
333919121
334279327
334584758
335826594
336455926
342191943
343582088
346192512
350216719
351697439
352095620
353124211
353677125
354452355
354716856
355214023
359752333
369200968
371631729
371699241
372178102
374022959
374968020
375317679
376640222
377721587
381924984
381961985
388669166
390670162
392593126
394904218
396701420
398111257
404076552
407539154
409179028
414710691
418130945
418302644
420354225
426301438
427425261
429264271
429841662
432412625
433714846
433802923
435583046
436736364
436989676
437732277
440693979
445170761
448880698
453787404
456102289
457186081
460480690
460726391
460836078
461950624
461961119
463557141
463716898
466132193
466147334
478248754
480062742
481001357
481402954
481882662
483154472
484064551
485667809
486789985
486803066
496154178
499982109
506214300
510886832
512412441
515903425
516484494
517494144
518966798
526641591
526951384
530970007
532075344
542358468
543413396
546437215
546592246
547169636
547285366
548838896
549161603
551293196
551796095
557581304
562859197
563564763
564171386
564442528
568910839
573506823
575790427
578722107
581777833
584584876
585246208
587668690
588933876
593019571
594520320
596391438
598389296
599568454
599748068
600045777
601313308
602927229
603599622
603601060
603976794
605017967
605987266
608158931
608908472
610799925
611517153
622271303
628295615
634432950
639202398
643498807
643652877
643671399
645164984
646189473
647854253
648062002
651448415
653278223
655896278
660730721
661129398
661138106
668639562
669937860
670076692
671134850
675382111
677683110
677820784
679923185
684349364
684809019
688869344
689198474
690148858
691208257
691260600
693520392
696638891
697801224
699244975
699882806
700339887
700476916
702229536
704064102
705757791
706299529
707220848
711606941
712067891
712994779
718250620
721726434
723909534
726246400
727295146
728501962
730854987
731116476
731520377
732580564
733054648
736589654
737351423
738205050
740169939
740283509
741501053
742455387
743461572
744294461
750100518
751367359
754088668
754413886
754620035
755397215
757359080
758003579
760617395
761014942
761443938
762027146
763859176
764055866
766294298
766297588
768904861
769695379
771416946
774564643
777018486
778315863
783830248
783942045
785168565
785260898
786332800
791497695
793817851
795324877
799117374
800816244
804576571
805324331
806007352
811431011
820859906
821994582
827040940
827461777
828547347
830521536
831490794
835698969
836479113
837776682
842051168
845433122
847484199
850420787
851903445
853443322
854871741
857948774
861130737
866598022
869180333
872541417
873494889
875266894
882934794
884111682
885247450
888217034
891931134
892355929
901075508
902367196
904194345
904735308
914037330
918072134
918288884
918914992
922558601
922595524
923731108
924445661
927067059
929344805
931227779
931808717
932091229
934689944
935490477
936402215
940789134
941349013
941432247
947505821
951211745
952346600
960131416
965039227
965296740
968498473
969771676
972638497
973596164
975772130
975994532
977727573
980266173
983501177
983566324
987080896
989910175
992480986
1001116199
1001285650
1005261729
1005285744
1006279198
1007072936
1010011272
1017367270
1018257189
1021111739
1021400562
1027200423
1029069787
1031026586
1032172175
1033332353
1034288268
1036442202
1037816600
1041428500
1042254794
1042679713
1043960819
1047099417
1048768664
1049724109
1050117111
1050578233
1051772439
1052999395
1054299095
1054538640
1058006098
1058494293
1060831158
1064084627
1065323390
1074989184
1079268083
1080317145
1081341138
1082959480
1084085352
1085120403
1085834097
1086991780
1088287093
1089073759
1091671865
1095367266
1096789402
1098853990
1101631897
1102117026
1104133567
1104266773
1104859549
1108372327
1113180030
1118548596
1119045763
1121710981
1125942850
1126046631
1126053522
1130884483
1133905765
1134094179
1138344771
1145366592
1147183281
1147932465
1148293889
1149660475
1156988650
1157700783
1158830052
1159715381
1159831368
1160277561
1161221375
1162427540
1163256354
1168456831
1170477635
1172038024
1177599624
1180157713
1181560032
1184533353
1185499600
1186795800
1189452407
1191162003
1192793069
1194433982
1195023889
1195230983
1195624147
1196086310
1197130562
1197721048
1200681217
1202439826
1202899188
1204206184
1204729679
1205739900
1205739994
1207649354
1209903434
1209955376
1212936572
1215962876
1218138463
1218163016
1222857459
1225249447
1225835827
1227216150
1228056657
1229417145
1231925020
1232655323
1236080466
1243864593
1246706113
1254064580
1254786729
1255023353
1257290031
1257664083
1259514669
1259557702
1265161053
1268723432
1269775250
1273590770
1274755959
1278019963
1284362670
1285967723
1287105893
1288083557
1298652726
1311355010
1312775147
1319258053
1324581808
1326040698
1327777438
1328307826
1331184807
1331791178
1331961918
1334043705
1334595144
1337351505
1340335721
1342305955
1345479845
1350922775
1354295061
1357619382
1358233929
1358307792
1359295150
1361190259
1365435711
1367791807
1369163688
1375357149
1377615231
1378030831
1378377430
1380972563
1381657785
1381780186
1382313937
1384729793
1388834641
1388990478
1389153531
1391878461
1397298525
1397950768
1399854222
1401991977
1404723839
1410857480
1413134280
1415613968
1416304780
1417906471
1419609572
1420490853
1422691803
1423471680
1423815623
1427484673
1429880090
1429958156
1432030605
1433285595
1436800156
1437963773
1438107587
1438808542
1440334475
1443302189
1445342200
1448995731
1449004074
1454678471
1454753774
1455111309
1461164939
1461187930
1461634735
1461790030
1462724666
1464741432
1467679970
1468003114
1473265452
1473438284
1473657377
1474578049
1475150302
1478933546
1481444156
1483910854
1484626239
1486082158
1486576083
1486785889
1487001130
1490111224
1492080986
1493071393
1493239958
1497236456
1498629495
1504852864
1508606070
1509221975
1509232235
1509942729
1512168929
1516004448
1527933335
1529097913
1529680545
1531031711
1531081383
1532669859
1532951992
1534115530
1534806752
1534878120
1535021293
1535581775
1535823231
1536716505
1537409313
1538331461
1540960903
1541238992
1542744932
1543723348
1545154218
1547599815
1550191976
1550950474
1551482615
1554962853
1556045749
1558246131
1559146360
1559346005
1560363800
1563815363
1564498393
1567892164
1568791702
1570342642
1578055008
1585001780
1589099186
1589837546
1590059620
1590340965
1590520506
1590835503
1591054016
1591428784
1591754714
1597825479
1598105579
1598217854
1598265836
1600046982
1600092508
1602478412
1608861351
1611244301
1613295018
1614708714
1616767827
1618527846
1619257101
1619445113
1622004640
1631061282
1632143896
1633035312
1633741091
1634733317
1636099649
1636733918
1637992830
1640034109
1643679227
1643875194
1644031594
1646019803
1646580473
1650690533
1650905364
1653271334
1656067393
1656518861
1658121317
1658952571
1661799049
1664833401
1665341379
1669478781
1675271287
1676054576
1680086385
1685514407
1691599932
1695469586
1696212464
1698386022
1703085171
1703500151
1703823062
1705855032
1706266718
1707427191
1709049180
1713716162
1713747505
1717803595
1721563775
1724466611
1726450442
1727364405
1730667659
1737348760
1737394809
1738992004
1739318104
1740036670
1741233434
1742455200
1744212566
1750393838
1753025267
1757191108
1758726309
1762953101
1763261302
1764964531
1768877436
1769205430
1773234447
1774097944
1774253596
1774833406
1779739284
1785115898
1786769653
1796364282
1798433995
1800150575
1801353660
1801362001
1802739016
1804775457
1804811532
1807914002
1807928131
1808191221
1809695379
1810986644
1812032012
1815427370
1815733383
1817270751
1818138435
1820192463
1820999673
1823115541
1824125729
1829769228
1832486884
1833501577
1833717521
1838227176
1839523550
1842457597
1848249250
1849153639
1849418752
1849894600
1853513775
1854037057
1857522810
1857892286
1858359624
1866644872
1870413103
1873783097
1874958043
1876412539
1877206824
1885273124
1887652011
1895269479
1896611790
1898475145
1898644618
1900203353
1900952642
1901402822
1901451674
1902211987
1903418646
1903663707
1904261763
1906722002
1907598224
1910789207
1914376662
1919356219
1920146737
1923061626
1924706918
1926890831
1937265489
1940636547
1941417764
1941769676
1941864001
1944976279
1945498158
1948580015
1952697582
1957734703
1960637221
1961236037
1965094986
1967994018
1970912567
1977040161
1978072157
1978956771
1981065561
1982081875
1984298248
1987417760
1989358976
1989928599
1991591399
1994729406
1995774848
1995855255
1998523362
1998727986
1999016574
2001397064
2001694006
2002056243
2005436994
2010609552
2010752712
2011619359
2012181006
2012674803
2012965956
2013737221
2013747149
2014763336
2019373388
2020462256
2021015698
2022250171
2024171494
2024311905
2030862311
2032613243
2040283056
2041612149
2053075919
2061958376
2062693200
2063896616
2073962550
2075183078
2078540771
2080660733
2081795655
2082736980
2083626134
2086630697
2086892978
2091841262
2092563349
2093334990
2094253819
2099459146
2103021268
2103888821
2104711272
2105116873
2108532923
2108865262
2109462662
2109537800
2109845675
2111206503
2112588264
2119325451
2120373237
2126297460
2126998366
2127332281
2128393123
2128458196
2129172495
2136107366
2136297414
2138323244
2139040591
2140664152
2142077846
2144608613
2145307681
2146986481
