2146986481
2145307681
2144608613
2142077846
2140664152
2139040591
2138323244
2136297414
2136107366
2129172495
2128458196
2128393123
2127332281
2126998366
2126297460
2120373237
2119325451
2112588264
2111206503
2109845675
2109537800
2109462662
2108865262
2108532923
2105116873
2104711272
2103888821
2103021268
2099459146
2094253819
2093334990
2092563349
2091841262
2086892978
2086630697
2083626134
2082736980
2081795655
2080660733
2078540771
2075183078
2073962550
2063896616
2062693200
2061958376
2053075919
2041612149
2040283056
2032613243
2030862311
2024311905
2024171494
2022250171
2021015698
2020462256
2019373388
2014763336
2013747149
2013737221
2012965956
2012674803
2012181006
2011619359
2010752712
2010609552
2005436994
2002056243
2001694006
2001397064
1999016574
1998727986
1998523362
1995855255
1995774848
1994729406
1991591399
1989928599
1989358976
1987417760
1984298248
1982081875
1981065561
1978956771
1978072157
1977040161
1970912567
1967994018
1965094986
1961236037
1960637221
1957734703
1952697582
1948580015
1945498158
1944976279
1941864001
1941769676
1941417764
1940636547
1937265489
1926890831
1924706918
1923061626
1920146737
1919356219
1914376662
1910789207
1907598224
1906722002
1904261763
1903663707
1903418646
1902211987
1901451674
1901402822
1900952642
1900203353
1898644618
1898475145
1896611790
1895269479
1887652011
1885273124
1877206824
1876412539
1874958043
1873783097
1870413103
1866644872
1858359624
1857892286
1857522810
1854037057
1853513775
1849894600
1849418752
1849153639
1848249250
1842457597
1839523550
1838227176
1833717521
1833501577
1832486884
1829769228
1824125729
1823115541
1820999673
1820192463
1818138435
1817270751
1815733383
1815427370
1812032012
1810986644
1809695379
1808191221
1807928131
1807914002
1804811532
1804775457
1802739016
1801362001
1801353660
1800150575
1798433995
1796364282
1786769653
1785115898
1779739284
1774833406
1774253596
1774097944
1773234447
1769205430
1768877436
1764964531
1763261302
1762953101
1758726309
1757191108
1753025267
1750393838
1744212566
1742455200
1741233434
1740036670
1739318104
1738992004
1737394809
1737348760
1730667659
1727364405
1726450442
1724466611
1721563775
1717803595
1713747505
1713716162
1709049180
1707427191
1706266718
1705855032
1703823062
1703500151
1703085171
1698386022
1696212464
1695469586
1691599932
1685514407
1680086385
1676054576
1675271287
1669478781
1665341379
1664833401
1661799049
1658952571
1658121317
1656518861
1656067393
1653271334
1650905364
1650690533
1646580473
1646019803
1644031594
1643875194
1643679227
1640034109
1637992830
1636733918
1636099649
1634733317
1633741091
1633035312
1632143896
1631061282
1622004640
1619445113
1619257101
1618527846
1616767827
1614708714
1613295018
1611244301
1608861351
1602478412
1600092508
1600046982
1598265836
1598217854
1598105579
1597825479
1591754714
1591428784
1591054016
1590835503
1590520506
1590340965
1590059620
1589837546
1589099186
1585001780
1578055008
1570342642
1568791702
1567892164
1564498393
1563815363
1560363800
1559346005
1559146360
1558246131
1556045749
1554962853
1551482615
1550950474
1550191976
1547599815
1545154218
1543723348
1542744932
1541238992
1540960903
1538331461
1537409313
1536716505
1535823231
1535581775
1535021293
1534878120
1534806752
1534115530
1532951992
1532669859
1531081383
1531031711
1529680545
1529097913
1527933335
1516004448
1512168929
1509942729
1509232235
1509221975
1508606070
1504852864
1498629495
1497236456
1493239958
1493071393
1492080986
1490111224
1487001130
1486785889
1486576083
1486082158
1484626239
1483910854
1481444156
1478933546
1475150302
1474578049
1473657377
1473438284
1473265452
1468003114
1467679970
1464741432
1462724666
1461790030
1461634735
1461187930
1461164939
1455111309
1454753774
1454678471
1449004074
1448995731
1445342200
1443302189
1440334475
1438808542
1438107587
1437963773
1436800156
1433285595
1432030605
1429958156
1429880090
1427484673
1423815623
1423471680
1422691803
1420490853
1419609572
1417906471
1416304780
1415613968
1413134280
1410857480
1404723839
1401991977
1399854222
1397950768
1397298525
1391878461
1389153531
1388990478
1388834641
1384729793
1382313937
1381780186
1381657785
1380972563
1378377430
1378030831
1377615231
1375357149
1369163688
1367791807
1365435711
1361190259
1359295150
1358307792
1358233929
1357619382
1354295061
1350922775
1345479845
1342305955
1340335721
1337351505
1334595144
1334043705
1331961918
1331791178
1331184807
1328307826
1327777438
1326040698
1324581808
1319258053
1312775147
1311355010
1298652726
1288083557
1287105893
1285967723
1284362670
1278019963
1274755959
1273590770
1269775250
1268723432
1265161053
1259557702
1259514669
1257664083
1257290031
1255023353
1254786729
1254064580
1246706113
1243864593
1236080466
1232655323
1231925020
1229417145
1228056657
1227216150
1225835827
1225249447
1222857459
1218163016
1218138463
1215962876
1212936572
1209955376
1209903434
1207649354
1205739994
1205739900
1204729679
1204206184
1202899188
1202439826
1200681217
1197721048
1197130562
1196086310
1195624147
1195230983
1195023889
1194433982
1192793069
1191162003
1189452407
1186795800
1185499600
1184533353
1181560032
1180157713
1177599624
1172038024
1170477635
1168456831
1163256354
1162427540
1161221375
1160277561
1159831368
1159715381
1158830052
1157700783
1156988650
1149660475
1148293889
1147932465
1147183281
1145366592
1138344771
1134094179
1133905765
1130884483
1126053522
1126046631
1125942850
1121710981
1119045763
1118548596
1113180030
1108372327
1104859549
1104266773
1104133567
1102117026
1101631897
1098853990
1096789402
1095367266
1091671865
1089073759
1088287093
1086991780
1085834097
1085120403
1084085352
1082959480
1081341138
1080317145
1079268083
1074989184
1065323390
1064084627
1060831158
1058494293
1058006098
1054538640
1054299095
1052999395
1051772439
1050578233
1050117111
1049724109
1048768664
1047099417
1043960819
1042679713
1042254794
1041428500
1037816600
1036442202
1034288268
1033332353
1032172175
1031026586
1029069787
1027200423
1021400562
1021111739
1018257189
1017367270
1010011272
1007072936
1006279198
1005285744
1005261729
1001285650
1001116199
992480986
989910175
987080896
983566324
983501177
980266173
977727573
975994532
975772130
973596164
972638497
969771676
968498473
965296740
965039227
960131416
952346600
951211745
947505821
941432247
941349013
940789134
936402215
935490477
934689944
932091229
931808717
931227779
929344805
927067059
924445661
923731108
922595524
922558601
918914992
918288884
918072134
914037330
904735308
904194345
902367196
901075508
892355929
891931134
888217034
885247450
884111682
882934794
875266894
873494889
872541417
869180333
866598022
861130737
857948774
854871741
853443322
851903445
850420787
847484199
845433122
842051168
837776682
836479113
835698969
831490794
830521536
828547347
827461777
827040940
821994582
820859906
811431011
806007352
805324331
804576571
800816244
799117374
795324877
793817851
791497695
786332800
785260898
785168565
783942045
783830248
778315863
777018486
774564643
771416946
769695379
768904861
766297588
766294298
764055866
763859176
762027146
761443938
761014942
760617395
758003579
757359080
755397215
754620035
754413886
754088668
751367359
750100518
744294461
743461572
742455387
741501053
740283509
740169939
738205050
737351423
736589654
733054648
732580564
731520377
731116476
730854987
728501962
727295146
726246400
723909534
721726434
718250620
712994779
712067891
711606941
707220848
706299529
705757791
704064102
702229536
700476916
700339887
699882806
699244975
697801224
696638891
693520392
691260600
691208257
690148858
689198474
688869344
684809019
684349364
679923185
677820784
677683110
675382111
671134850
670076692
669937860
668639562
661138106
661129398
660730721
655896278
653278223
651448415
648062002
647854253
646189473
645164984
643671399
643652877
643498807
639202398
634432950
628295615
622271303
611517153
610799925
608908472
608158931
605987266
605017967
603976794
603601060
603599622
602927229
601313308
600045777
599748068
599568454
598389296
596391438
594520320
593019571
588933876
587668690
585246208
584584876
581777833
578722107
575790427
573506823
568910839
564442528
564171386
563564763
562859197
557581304
551796095
551293196
549161603
548838896
547285366
547169636
546592246
546437215
543413396
542358468
532075344
530970007
526951384
526641591
518966798
517494144
516484494
515903425
512412441
510886832
506214300
499982109
496154178
486803066
486789985
485667809
484064551
483154472
481882662
481402954
481001357
480062742
478248754
466147334
466132193
463716898
463557141
461961119
461950624
460836078
460726391
460480690
457186081
456102289
453787404
448880698
445170761
440693979
437732277
436989676
436736364
435583046
433802923
433714846
432412625
429841662
429264271
427425261
426301438
420354225
418302644
418130945
414710691
409179028
407539154
404076552
398111257
396701420
394904218
392593126
390670162
388669166
381961985
381924984
377721587
376640222
375317679
374968020
374022959
372178102
371699241
371631729
369200968
359752333
355214023
354716856
354452355
353677125
353124211
352095620
351697439
350216719
346192512
343582088
342191943
336455926
335826594
334584758
334279327
333919121
332965332
329713406
322198698
320104284
319761759
319100304
317097561
313424456
312720165
312195733
311758676
310959449
309837541
307590602
302539090
301087497
299619002
295454974
295397961
294863304
292390175
290528665
290020685
282343837
281957709
280284018
278872674
273551838
263278601
263271148
260770529
260527687
257784281
256016208
252683852
250708598
249488577
248348996
244136534
242951320
241547044
240335618
238914770
237913136
235376884
234991352
232827594
227963335
219182232
217421961
216437917
216283635
216204166
212063775
209334446
206935035
206646953
205251683
193497854
192041832
189344949
189184599
188503817
186252215
176258465
175413304
171793221
169952024
167905074
167115263
163964504
160894280
160099714
157174614
155799771
154904823
153613843
148552587
138058150
137934007
137755278
134138098
131267255
127870746
126791189
120996865
120311951
120251667
118075701
115427166
112869778
109399379
109264543
108291861
102698469
96515999
96079412
92838668
90331195
87720774
87415747
79687421
73897765
73539032
72417407
69292822
67007922
65045570
64890194
64634603
63298826
62721484
60123359
58102024
57943285
51804965
51058042
48020163
47303257
46427325
43202915
42256621
38871849
33204942
29980756
25364043
24897082
24694554
24586481
23606980
21268320
18063624
14720647
13930549
12950140
12192199
10955304
6182195
5838751
1597195
790518
