353677125
313424456
1739318104
573506823
1331184807
684349364
2109845675
793817851
506214300
448880698
1380972563
256016208
1910789207
578722107
1410857480
1209903434
1331961918
1658121317
1703085171
1168456831
175413304
1591754714
1804811532
1590835503
24897082
1779739284
1866644872
1532951992
869180333
1907598224
1461164939
1222857459
73539032
1052999395
1796364282
1404723839
1737348760
1758726309
51058042
96079412
60123359
1432030605
352095620
1970912567
2010752712
1762953101
1033332353
1195230983
1273590770
588933876
216204166
1449004074
33204942
2021015698
892355929
58102024
1653271334
611517153
1591054016
374968020
371631729
904735308
1597825479
445170761
1957734703
1246706113
1849894600
1547599815
857948774
1900952642
1643679227
918072134
1185499600
1995774848
741501053
1048768664
1611244301
1774833406
96515999
737351423
216283635
312720165
38871849
249488577
186252215
931227779
307590602
1839523550
1542744932
1898644618
67007922
1914376662
655896278
1664833401
212063775
466147334
764055866
2061958376
2013747149
1622004640
1815427370
1509942729
392593126
853443322
1358233929
1134094179
1902211987
821994582
761443938
1998727986
1559346005
977727573
163964504
1598217854
1227216150
350216719
381961985
1534806752
42256621
1924706918
1285967723
109264543
1691599932
1941864001
1774097944
1903663707
260527687
390670162
1818138435
126791189
2012674803
1486082158
1636733918
257784281
192041832
847484199
1391878461
2094253819
1669478781
5838751
1945498158
1081341138
983566324
2109462662
532075344
63298826
312195733
914037330
1598105579
354452355
691260600
736589654
463716898
235376884
530970007
90331195
2139040591
791497695
481001357
1809695379
918288884
346192512
1148293889
407539154
603976794
1340335721
1255023353
1995855255
1287105893
777018486
2001694006
1085120403
1858359624
837776682
1047099417
242951320
901075508
1359295150
1156988650
351697439
1713747505
1848249250
1088287093
29980756
2083626134
1619257101
120311951
2075183078
263271148
601313308
1737394809
1181560032
947505821
738205050
1589099186
1551482615
2078540771
696638891
1399854222
1218163016
1473657377
1254064580
155799771
1184533353
2091841262
1202899188
1427484673
845433122
414710691
436989676
1197130562
2128458196
137755278
137934007
10955304
73897765
1757191108
131267255
1597195
2020462256
732580564
1738992004
1054538640
1680086385
329713406
496154178
1084085352
260770529
1192793069
336455926
1478933546
518966798
1590520506
1634733317
1703500151
1534878120
690148858
983501177
232827594
1104859549
1420490853
1429958156
1085834097
1558246131
1567892164
1096789402
1632143896
1177599624
1228056657
1633741091
1050578233
1960637221
1225249447
2105116873
1493239958
1554962853
453787404
429841662
1815733383
1646580473
766297588
1147183281
18063624
209334446
634432950
1721563775
1744212566
1324581808
557581304
1977040161
281957709
1978072157
1259514669
1367791807
1388834641
679923185
317097561
873494889
1857522810
1545154218
359752333
760617395
1358307792
1585001780
718250620
704064102
992480986
1172038024
1133905765
660730721
671134850
1900203353
1807914002
689198474
2109537800
294863304
263278601
1706266718
1619445113
820859906
1535823231
1901402822
651448415
647854253
1121710981
2040283056
1327777438
1438808542
766294298
1037816600
836479113
1126046631
1798433995
47303257
563564763
369200968
751367359
1556045749
1541238992
1885273124
69292822
64890194
1637992830
1877206824
754088668
1600046982
24586481
1017367270
1158830052
1644031594
1838227176
547169636
1397950768
342191943
1195023889
372178102
234991352
375317679
1810986644
1001285650
1413134280
499982109
2127332281
1064084627
547285366
543413396
1433285595
1298652726
2099459146
827040940
1036442202
21268320
891931134
526951384
1898475145
1646019803
2126998366
1923061626
515903425
1138344771
1419609572
206646953
1685514407
670076692
548838896
733054648
1042254794
783830248
1108372327
705757791
1785115898
374022959
1205739900
1764964531
1438107587
1753025267
160894280
723909534
904194345
112869778
1550950474
1940636547
134138098
295397961
320104284
2032613243
1941417764
299619002
1808191221
309837541
1437963773
1080317145
516484494
975994532
1750393838
1065323390
1709049180
645164984
1849153639
669937860
1350922775
1486785889
1043960819
409179028
1104266773
334584758
14720647
1265161053
1058494293
918914992
1378030831
461961119
712067891
1512168929
757359080
1032172175
1397298525
551293196
1331791178
1058006098
861130737
622271303
2138323244
1377615231
1598265836
1741233434
295454974
1159831368
238914770
2144608613
1829769228
1589837546
1483910854
726246400
1999016574
440693979
1060831158
2013737221
1705855032
2119325451
785168565
936402215
433802923
1497236456
301087497
1191162003
381924984
1698386022
1742455200
1713716162
608908472
456102289
188503817
599748068
1833717521
1786769653
193497854
2129172495
799117374
432412625
2126297460
481402954
2022250171
1462724666
1207649354
1873783097
1903418646
120996865
1740036670
1461790030
92838668
377721587
250708598
526641591
1874958043
551796095
1717803595
109399379
102698469
1312775147
1823115541
711606941
1768877436
2011619359
1311355010
1455111309
1650905364
1504852864
1436800156
302539090
1937265489
1415613968
783942045
1812032012
730854987
1991591399
1538331461
486789985
2112588264
1130884483
1948580015
57943285
1508606070
51804965
584584876
1236080466
603601060
154904823
1345479845
706299529
1467679970
1021111739
1417906471
1089073759
885247450
581777833
396701420
388669166
2086630697
1833501577
691208257
1876412539
1101631897
1475150302
1540960903
1832486884
1319258053
931808717
171793221
1284362670
2062693200
2120373237
1342305955
1423815623
24694554
1926890831
512412441
628295615
2081795655
1857892286
1334595144
1401991977
731520377
605017967
343582088
1616767827
1186795800
740283509
2005436994
1125942850
426301438
549161603
854871741
1527933335
2024311905
248348996
1212936572
1196086310
1180157713
1384729793
332965332
1095367266
1357619382
1675271287
371699241
1382313937
1454678471
884111682
2010609552
1388990478
594520320
1197721048
643498807
1326040698
1802739016
987080896
795324877
842051168
1727364405
653278223
1967994018
6182195
1202439826
675382111
1534115530
1079268083
923731108
599568454
127870746
2103888821
1984298248
460836078
1051772439
1194433982
2136107366
1423471680
429264271
1443302189
160099714
292390175
684809019
754620035
1490111224
1328307826
2080660733
1145366592
167905074
728501962
1987417760
1895269479
1381780186
1807928131
1901451674
436736364
335826594
1288083557
1516004448
1259557702
1887652011
1643875194
1215962876
1724466611
2104711272
120251667
771416946
2093334990
1543723348
1200681217
1389153531
1703823062
1493071393
2073962550
310959449
835698969
1254786729
244136534
1981065561
1422691803
972638497
1820999673
1170477635
206935035
1481444156
924445661
643671399
1817270751
65045570
12192199
929344805
1952697582
1656067393
2145307681
1529680545
1613295018
118075701
153613843
1559146360
1661799049
1354295061
800816244
1218138463
699882806
727295146
1529097913
1535581775
1982081875
1773234447
1369163688
1257290031
598389296
1042679713
280284018
805324331
376640222
1204729679
1448995731
46427325
1269775250
1461187930
975772130
1074989184
969771676
973596164
457186081
435583046
1091671865
610799925
1994729406
605987266
1965094986
648062002
1824125729
517494144
1375357149
1205739994
2053075919
1209955376
831490794
1274755959
319761759
1429880090
169952024
600045777
87720774
546592246
1804775457
1536716505
593019571
927067059
850420787
1568791702
2002056243
1820192463
394904218
311758676
108291861
1486576083
922558601
2103021268
2092563349
740169939
603599622
1769205430
1257664083
1978956771
827461777
1163256354
1041428500
1658952571
290528665
1361190259
941349013
460480690
1961236037
1029069787
1007072936
1618527846
418302644
1600092508
398111257
1268723432
1021400562
252683852
941432247
1416304780
564442528
1049724109
755397215
1487001130
1005261729
700476916
79687421
1608861351
322198698
1337351505
1440334475
1149660475
353124211
334279327
661129398
643652877
1695469586
1602478412
1104133567
1509221975
484064551
2111206503
980266173
902367196
1563815363
1378377430
23606980
437732277
1631061282
965039227
1854037057
48020163
2014763336
461950624
1535021293
872541417
1162427540
1614708714
333919121
1484626239
804576571
1774253596
486803066
1157700783
2108532923
1147932465
1801353660
1656518861
602927229
758003579
1018257189
1086991780
721726434
1998523362
1989358976
138058150
1229417145
2012965956
575790427
712994779
830521536
282343837
761014942
697801224
744294461
148552587
1570342642
1906722002
1763261302
1904261763
1243864593
420354225
1531031711
1730667659
1578055008
1492080986
731116476
1231925020
1001116199
1334043705
1989928599
2019373388
273551838
564171386
1870413103
115427166
702229536
952346600
2128393123
1278019963
1665341379
811431011
1560363800
278872674
1509232235
157174614
427425261
932091229
2063896616
43202915
688869344
1160277561
463557141
72417407
743461572
2041612149
1564498393
1474578049
1126053522
418130945
661138106
968498473
290020685
934689944
1532669859
12950140
1050117111
87415747
965296740
1031026586
1365435711
483154472
1842457597
778315863
762027146
1204206184
935490477
1189452407
2136297414
851903445
1232655323
677683110
2012181006
1696212464
750100518
608158931
1590340965
167115263
2082736980
568910839
585246208
596391438
1537409313
875266894
1531081383
922595524
888217034
433714846
1010011272
1853513775
1464741432
227963335
189184599
1159715381
1006279198
951211745
216437917
1941769676
2140664152
205251683
646189473
1225835827
882934794
510886832
774564643
1633035312
1119045763
217421961
1800150575
1054299095
786332800
237913136
1650690533
176258465
1113180030
1034288268
1098853990
2001397064
1468003114
2108865262
1707427191
785260898
189344949
1896611790
1944976279
1195624147
700339887
13930549
989910175
693520392
219182232
1636099649
1919356219
1102117026
2146986481
546437215
587668690
1118548596
763859176
240335618
25364043
1550191976
478248754
1676054576
1726450442
1591428784
562859197
677820784
1445342200
2030862311
639202398
1005285744
668639562
828547347
754413886
466132193
2024171494
1454753774
480062742
866598022
790518
699244975
355214023
1920146737
1801362001
354716856
319100304
241547044
1473265452
1082959480
481882662
1498629495
485667809
960131416
1027200423
64634603
404076552
1590059620
742455387
1849418752
1473438284
1381657785
707220848
2142077846
62721484
1461634735
460726391
2086892978
768904861
940789134
806007352
769695379
1640034109
1161221375
542358468
